{
 "cells": [
  {
   "cell_type": "code",
   "execution_count": null,
   "metadata": {},
   "outputs": [],
   "source": []
  },
  {
   "cell_type": "code",
   "execution_count": 29,
   "metadata": {},
   "outputs": [],
   "source": [
    "from itertools import product\n",
    "from sys import stdout as out\n",
    "from mip import Model, xsum, minimize, BINARY\n",
    "from PIL import Image, ImageDraw, ImageFont\n",
    "import random\n",
    "from math import cos, sin, pi, sqrt, dist\n",
    "import warnings\n",
    "warnings.filterwarnings('ignore')"
   ]
  },
  {
   "cell_type": "code",
   "execution_count": 34,
   "metadata": {},
   "outputs": [],
   "source": [
    "# Image generation \n",
    "\n",
    "def drawarrow(draw, pos, color, width, amp):\n",
    "    '''This draws the arrowhead'''\n",
    "    a = 30/180*pi\n",
    "    pos = ((100+10*pos[0])*amp,\n",
    "           (100+10*pos[1])*amp,\n",
    "           (100+10*pos[2])*amp,\n",
    "           (100+10*pos[3])*amp)\n",
    "    dist = ((pos[0]-pos[2])**2+(pos[1]-pos[3])**2)**0.5\n",
    "    midpoint = ((pos[0]+pos[2])/2, (pos[1]+pos[3])/2)\n",
    "    draw.line(pos, fill=color, width=width)\n",
    "    vec = (3*amp*(pos[0]-pos[2])/dist, 3*amp*(pos[1]-pos[3])/dist)\n",
    "    vec1 = (vec[0]*cos(a)-vec[1]*sin(a), vec[0]*sin(a)+vec[1]*cos(a))\n",
    "    pos1 = midpoint + (midpoint[0]+vec1[0], midpoint[1]+vec1[1])\n",
    "    vec2 = (vec[0]*cos(a)+vec[1]*sin(a), -vec[0]*sin(a)+vec[1]*cos(a))\n",
    "    pos2 = midpoint + (midpoint[0]+vec2[0], midpoint[1]+vec2[1])\n",
    "    draw.line(pos1, fill=color, width=width)\n",
    "    draw.line(pos2, fill=color, width=width)\n",
    "\n",
    "def makeresimg(SIZE, node_size, route_width, coordinates, V, Vn, Vc, Ve, K, Kc, Ke, Qc, Qe, rc, re, x, c):\n",
    "    img = Image.new(mode='RGB', size=(200*SIZE, 200*SIZE), color=0xFFFFFF)\n",
    "    draw = ImageDraw.Draw(img)\n",
    "    typeColor = [0x0000FF,   # conventional\n",
    "                 0x00FF00]    # electrical\n",
    "    cap = []\n",
    "    for i in K:\n",
    "        cap.append([])\n",
    "        for j in V:\n",
    "            if j in {0}:\n",
    "                cap[i].append(0)\n",
    "            if j in Vn:\n",
    "                cap[i].append(-1)\n",
    "            if j in Vc:\n",
    "                cap[i].append(Qc)\n",
    "            if j in Ve:\n",
    "                cap[i].append(Qe)\n",
    "    for k in Kc:\n",
    "        cap[k][0] = Qc\n",
    "        for n in {0}.union(Vc):\n",
    "            idx = n\n",
    "            while True:\n",
    "                nidx = [i for i in V if x[k][idx][i].x >= 0.99]\n",
    "                if len(nidx) > 1:\n",
    "                    for m in nidx:\n",
    "                        sidx = m\n",
    "                        while True:\n",
    "                            snidx = [i for i in V if x[k][sidx][i].x >= 0.99][0]\n",
    "                            pos = tuple(coordinates[sidx]+coordinates[snidx])\n",
    "                            drawarrow(draw, pos, typeColor[0], route_width, SIZE)\n",
    "                            if snidx in {0}.union(Vc):\n",
    "                                break\n",
    "                            cap[k][snidx] = cap[k][sidx] - c[snidx][sidx]*rc\n",
    "                            sidx = snidx\n",
    "                    break\n",
    "                elif len(nidx) == 1:\n",
    "                    nidx = nidx[0]\n",
    "                    pos = tuple(coordinates[idx]+coordinates[nidx])\n",
    "                    drawarrow(draw, pos, typeColor[0], route_width, SIZE)\n",
    "                    if nidx in {0}.union(Vc):\n",
    "                        break\n",
    "                    cap[k][nidx] = cap[k][idx] - c[nidx][idx]*rc\n",
    "                    idx = nidx\n",
    "                else:\n",
    "                    break\n",
    "    for k in Ke:\n",
    "        cap[k][0] = Qe\n",
    "        for n in {0}.union(Ve):\n",
    "            idx = n\n",
    "            while True:\n",
    "                nidx = [i for i in V if x[k][idx][i].x >= 0.99]\n",
    "                if len(nidx) > 1:\n",
    "                    for m in nidx:\n",
    "                        sidx = m\n",
    "                        while True:\n",
    "                            snidx = [i for i in V if x[k][sidx][i].x >= 0.99][0]\n",
    "                            pos = tuple(coordinates[sidx]+coordinates[snidx])\n",
    "                            drawarrow(draw, pos, typeColor[1], route_width, SIZE)\n",
    "                            if snidx in {0}.union(Ve):\n",
    "                                break\n",
    "                            cap[k][snidx] = cap[k][sidx] - c[snidx][sidx]*re\n",
    "                            sidx = snidx\n",
    "                    break\n",
    "                elif len(nidx) == 1:\n",
    "                    nidx = nidx[0]\n",
    "                    pos = tuple(coordinates[idx]+coordinates[nidx])\n",
    "                    drawarrow(draw, pos, typeColor[1], route_width, SIZE)\n",
    "                    if nidx in {0}.union(Ve):\n",
    "                        break\n",
    "                    cap[k][nidx] = cap[k][idx] - c[nidx][idx]*re\n",
    "                    idx = nidx\n",
    "                else:\n",
    "                    break\n",
    "    for i in V:\n",
    "        print()\n",
    "        for j in K:\n",
    "            print('%.1f\\t\\t' % cap[j][i], end='')\n",
    "    ncap = [0]*(len(Vn)+1)\n",
    "    for i in Vn:\n",
    "        for k in K:\n",
    "            if cap[k][i] > 0:\n",
    "                ncap[i] = cap[k][i]\n",
    "                break\n",
    "    draw.rectangle(((100-node_size)*SIZE,\n",
    "                    (100-node_size)*SIZE,\n",
    "                    (100+node_size)*SIZE,\n",
    "                    (100+node_size)*SIZE), \n",
    "                    fill='white', outline='black', width=5)\n",
    "    for i in Vn:\n",
    "        pos = ((100 - node_size + 10*coordinates[i][0])*SIZE, \n",
    "               (100 - node_size + 10*coordinates[i][1])*SIZE, \n",
    "               (100 + node_size + 10*coordinates[i][0])*SIZE, \n",
    "               (100 + node_size + 10*coordinates[i][1])*SIZE)\n",
    "        draw.ellipse(pos, fill='white', outline='black', width=5)\n",
    "\n",
    "        # Inside the makeresimg function, where you're calculating text size\n",
    "        captex = \"{:.1f}\".format(ncap[i])\n",
    "        text_font = ImageFont.load_default()  # Use default font\n",
    "        text_bbox = draw.textbbox((0, 0), captex, font=text_font)\n",
    "        w, h = text_bbox[2] - text_bbox[0], text_bbox[3] - text_bbox[1]\n",
    "\n",
    "        # Draw text at the specified position\n",
    "        draw.text(((100 + 10 * coordinates[i][0]) * SIZE - w / 2,\n",
    "                   (100 + 10 * coordinates[i][1]) * SIZE - h / 2), captex, fill='black', font=text_font)\n",
    "        draw.text(((100+10*coordinates[i][0])*SIZE, \n",
    "                   (100+10*coordinates[i][1]-3)*SIZE-h/2), str(i), fill='black')\n",
    "\n",
    "    for i in Vc:\n",
    "        pos = ((100 - node_size + 10*coordinates[i][0])*SIZE, \n",
    "               (100 - node_size + 10*coordinates[i][1])*SIZE, \n",
    "               (100 + node_size + 10*coordinates[i][0])*SIZE, \n",
    "               (100 + node_size + 10*coordinates[i][1])*SIZE)\n",
    "        draw.ellipse(pos, fill='white', outline=typeColor[0], width=5)\n",
    "    for i in Ve:\n",
    "        pos = ((100 - node_size + 10*coordinates[i][0])*SIZE, \n",
    "               (100 - node_size + 10*coordinates[i][1])*SIZE, \n",
    "               (100 + node_size + 10*coordinates[i][0])*SIZE, \n",
    "               (100 + node_size + 10*coordinates[i][1])*SIZE)\n",
    "        draw.ellipse(pos, fill='white', outline=typeColor[1], width=5)\n",
    "    return img\n",
    "\n",
    "def makerawimg(SIZE, node_size, route_width, coordinates):\n",
    "    print(\"no img\")\n"
   ]
  },
  {
   "cell_type": "code",
   "execution_count": 6,
   "metadata": {},
   "outputs": [],
   "source": [
    "# Enter the Assumptions\n",
    "\n",
    "# N     : Number of customer nodes\n",
    "N = 8\n",
    "# kc    : Number of conventional vehicles\n",
    "\n",
    "kc = 2\n",
    "# ke    : Number of electric vehicles\n",
    "ke = 2\n",
    "\n",
    "# Sc    : Number of fuel stations\n",
    "Sc= 2\n",
    "# Se    : Number of charging stations\n",
    "Se = 2\n",
    "\n",
    "# Qc    : Maximum fuel capacity of conventional vehicles\n",
    "Qc = 20\n",
    "# Qe    : Maximum battery capacity of electric vehicles\n",
    "Qe = 15\n",
    "\n",
    "\n",
    "# rc    : Amount of fuel consumed per unit distance traveled\n",
    "rc = 1\n",
    "# re    : Amount of battery consumed per unit distance traveled\n",
    "re = 1\n",
    "\n",
    "# (0, 0) depot node\n",
    "coordinates = [[0, 0]] "
   ]
  },
  {
   "cell_type": "code",
   "execution_count": 7,
   "metadata": {},
   "outputs": [],
   "source": [
    "# Generate random coordinates\n",
    "\n",
    "# Generate N customer nodes at random coordinates\n",
    "for i in range(N):\n",
    "    #coordinates.append([20*random.random()-10, 20*random.random()-10])\n",
    "    r = 7*random.random()+3\n",
    "    t = random.random()\n",
    "    #r = 6.5\n",
    "    #t = 1/N*(i+0.5)\n",
    "    coordinates.append([r*cos(t*2*pi), r*sin(t*2*pi)])\n",
    "    #coordinates.append([r*cos(i/N*2*pi), r*sin(i/N*2*pi)])\n",
    "\n",
    "# Specify the positions of Sc fuel stations\n",
    "for i in range(Sc):\n",
    "    r = 5.5\n",
    "    t = 2*pi*(1/Sc*(i)+1/4)\n",
    "    coordinates.append([r*cos(t), r*sin(t)])\n",
    "\n",
    "# Specify the positions of Se charging stations\n",
    "for i in range(Se):\n",
    "    r = 3.5\n",
    "    t = 2*pi/Se*(i)\n",
    "    coordinates.append([r*cos(t), r*sin(t)])\n"
   ]
  },
  {
   "cell_type": "code",
   "execution_count": 11,
   "metadata": {},
   "outputs": [
    {
     "data": {
      "text/plain": [
       "[[0, 0],\n",
       " [-7.174666468944682, 0.3182383343854003],\n",
       " [-3.1495450965692977, -5.790917215853225],\n",
       " [4.250217460492354, -1.385358032407116],\n",
       " [-1.2749597069979377, 5.230955894240892],\n",
       " [-4.608834509639926, 2.865407725815486],\n",
       " [-0.3464945185320165, 4.663304792961827],\n",
       " [3.0397718184632634, 8.879286898676213],\n",
       " [3.157552016937361, -9.35043214072214],\n",
       " [3.3677786976552215e-16, 5.5],\n",
       " [-1.0103336092965664e-15, -5.5],\n",
       " [3.5, 0.0],\n",
       " [-3.5, 4.286263797015736e-16]]"
      ]
     },
     "execution_count": 11,
     "metadata": {},
     "output_type": "execute_result"
    }
   ],
   "source": [
    "coordinates"
   ]
  },
  {
   "cell_type": "code",
   "execution_count": 8,
   "metadata": {},
   "outputs": [],
   "source": [
    "# =====================           Sets          ===================== \n",
    "# V     : Set of all nodes\n",
    "# Vn    : Set of customer nodes\n",
    "# Vc    : Set of fuel stations\n",
    "# Ve    : Set of charging stations\n",
    "V = set(range(1+N+Sc+Se))\n",
    "Vn = set(range(1, 1+N))\n",
    "Vc = set(range(1+N, 1+N+Sc))\n",
    "Ve = set(range(1+N+Sc, 1+N+Sc+Se))\n",
    "# K     : Set of all vehicles\n",
    "# Kc    : Set of conventional vehicles\n",
    "# Ke    : Set of electric vehicles\n",
    "K = set(range(kc+ke))\n",
    "Kc = set(range(kc))\n",
    "Ke = set(range(kc, kc+ke))\n",
    "\n",
    "# Distances matrix\n",
    "c = []\n",
    "for i in V:\n",
    "    c.append([])\n",
    "    for j in V:\n",
    "        c[i].append(dist(coordinates[i], coordinates[j]))\n"
   ]
  },
  {
   "cell_type": "code",
   "execution_count": 17,
   "metadata": {},
   "outputs": [
    {
     "data": {
      "text/plain": [
       "[[0.0,\n",
       "  7.181720864672446,\n",
       "  6.591991847400069,\n",
       "  4.470298126459687,\n",
       "  5.384089692971487,\n",
       "  5.426962038969037,\n",
       "  4.676159753840055,\n",
       "  9.38519837495865,\n",
       "  9.869180105657957,\n",
       "  5.5,\n",
       "  5.5,\n",
       "  3.5,\n",
       "  3.5],\n",
       " [7.181720864672446,\n",
       "  0.0,\n",
       "  7.315967714483471,\n",
       "  11.551199651207545,\n",
       "  7.677325947220988,\n",
       "  3.6154620108677675,\n",
       "  8.09342540052407,\n",
       "  13.327651782944029,\n",
       "  14.150545134241963,\n",
       "  8.850225584686084,\n",
       "  9.23730135138564,\n",
       "  10.67940915316406,\n",
       "  3.688420975899955],\n",
       " [6.591991847400069,\n",
       "  7.315967714483471,\n",
       "  0.0,\n",
       "  8.61193576495656,\n",
       "  11.180150143795483,\n",
       "  8.778467240176717,\n",
       "  10.823486053607134,\n",
       "  15.922390920859362,\n",
       "  7.242211022855422,\n",
       "  11.721964250524502,\n",
       "  3.162952282568217,\n",
       "  8.817662512943782,\n",
       "  5.80151194433002],\n",
       " [4.470298126459687,\n",
       "  11.551199651207545,\n",
       "  8.61193576495656,\n",
       "  0.0,\n",
       "  8.619929971183781,\n",
       "  9.826078126128573,\n",
       "  7.597110173816511,\n",
       "  10.335768680341191,\n",
       "  8.039671841716526,\n",
       "  8.091508122464393,\n",
       "  5.915625662848412,\n",
       "  1.5754501312267908,\n",
       "  7.873060876360316],\n",
       " [5.384089692971487,\n",
       "  7.677325947220988,\n",
       "  11.180150143795483,\n",
       "  8.619929971183781,\n",
       "  0.0,\n",
       "  4.08785265595911,\n",
       "  1.0882441724982466,\n",
       "  5.650418325640393,\n",
       "  15.240211193057231,\n",
       "  1.3030375993469976,\n",
       "  10.806430338396284,\n",
       "  7.082594141340259,\n",
       "  5.684514392010652],\n",
       " [5.426962038969037,\n",
       "  3.6154620108677675,\n",
       "  8.778467240176717,\n",
       "  9.826078126128573,\n",
       "  4.08785265595911,\n",
       "  0.0,\n",
       "  4.626010815362539,\n",
       "  9.729744162518774,\n",
       "  14.475617545551941,\n",
       "  5.308712837255432,\n",
       "  9.550989579953551,\n",
       "  8.60021851698493,\n",
       "  3.0724705702303297],\n",
       " [4.676159753840055,\n",
       "  8.09342540052407,\n",
       "  10.823486053607134,\n",
       "  7.597110173816511,\n",
       "  1.0882441724982466,\n",
       "  4.626010815362539,\n",
       "  0.0,\n",
       "  5.407522983841247,\n",
       "  14.445177914073367,\n",
       "  0.9056032911012335,\n",
       "  10.16920954479814,\n",
       "  6.044992280653267,\n",
       "  5.629476744219605],\n",
       " [9.38519837495865,\n",
       "  13.327651782944029,\n",
       "  15.922390920859362,\n",
       "  10.335768680341191,\n",
       "  5.650418325640393,\n",
       "  9.729744162518774,\n",
       "  5.407522983841247,\n",
       "  0.0,\n",
       "  18.23009951784563,\n",
       "  4.545304461957213,\n",
       "  14.697078091333829,\n",
       "  8.891206094118147,\n",
       "  11.0277083415626],\n",
       " [9.869180105657957,\n",
       "  14.150545134241963,\n",
       "  7.242211022855422,\n",
       "  8.039671841716526,\n",
       "  15.240211193057231,\n",
       "  14.475617545551941,\n",
       "  14.445177914073367,\n",
       "  18.23009951784563,\n",
       "  0.0,\n",
       "  15.182406578202889,\n",
       "  4.9795544389002595,\n",
       "  9.356700905733456,\n",
       "  11.47839623277034],\n",
       " [5.5,\n",
       "  8.850225584686084,\n",
       "  11.721964250524502,\n",
       "  8.091508122464393,\n",
       "  1.3030375993469976,\n",
       "  5.308712837255432,\n",
       "  0.9056032911012335,\n",
       "  4.545304461957213,\n",
       "  15.182406578202889,\n",
       "  0.0,\n",
       "  11.0,\n",
       "  6.519202405202648,\n",
       "  6.519202405202649],\n",
       " [5.5,\n",
       "  9.23730135138564,\n",
       "  3.162952282568217,\n",
       "  5.915625662848412,\n",
       "  10.806430338396284,\n",
       "  9.550989579953551,\n",
       "  10.16920954479814,\n",
       "  14.697078091333829,\n",
       "  4.9795544389002595,\n",
       "  11.0,\n",
       "  0.0,\n",
       "  6.519202405202649,\n",
       "  6.519202405202648],\n",
       " [3.5,\n",
       "  10.67940915316406,\n",
       "  8.817662512943782,\n",
       "  1.5754501312267908,\n",
       "  7.082594141340259,\n",
       "  8.60021851698493,\n",
       "  6.044992280653267,\n",
       "  8.891206094118147,\n",
       "  9.356700905733456,\n",
       "  6.519202405202648,\n",
       "  6.519202405202649,\n",
       "  0.0,\n",
       "  7.0],\n",
       " [3.5,\n",
       "  3.688420975899955,\n",
       "  5.80151194433002,\n",
       "  7.873060876360316,\n",
       "  5.684514392010652,\n",
       "  3.0724705702303297,\n",
       "  5.629476744219605,\n",
       "  11.0277083415626,\n",
       "  11.47839623277034,\n",
       "  6.519202405202649,\n",
       "  6.519202405202648,\n",
       "  7.0,\n",
       "  0.0]]"
      ]
     },
     "execution_count": 17,
     "metadata": {},
     "output_type": "execute_result"
    }
   ],
   "source": [
    "c"
   ]
  },
  {
   "cell_type": "code",
   "execution_count": 18,
   "metadata": {},
   "outputs": [],
   "source": [
    "# ===================== Parameters & Variables =====================\n",
    "\n",
    "# n: Total number of nodes\n",
    "n = len(V)\n",
    "\n",
    "model = Model()\n",
    "\n",
    "x = [[[model.add_var(var_type=BINARY) for j in V] for i in V] for k in K]\n",
    "\n",
    "# y to remove closed paths not connected to the depot\n",
    "y = [[model.add_var() for i in V] for k in K]\n",
    "\n",
    "# u1 represents the initial battery level, and u2 represents the final battery level for each vehicle k at node i\n",
    "u1 = [[model.add_var() for i in V] for k in K]\n",
    "u2 = [[model.add_var() for i in V] for k in K]\n"
   ]
  },
  {
   "cell_type": "code",
   "execution_count": null,
   "metadata": {},
   "outputs": [],
   "source": []
  },
  {
   "cell_type": "code",
   "execution_count": 19,
   "metadata": {},
   "outputs": [],
   "source": [
    "# =====================   Objective Function   =====================\n",
    "\n",
    "model.objective = minimize(xsum(c[i][j]*x[k][i][j] for k in K for i in V for j in V))"
   ]
  },
  {
   "cell_type": "code",
   "execution_count": 20,
   "metadata": {},
   "outputs": [],
   "source": [
    "# =====================       Subject-to       =====================\n",
    "\n",
    "# For each route k, only one outgoing and one incoming edge from the depot\n",
    "for k in K:\n",
    "    model += xsum(x[k][0][j] for j in V-{0}) <= 1\n",
    "    model += xsum(x[k][i][0] for i in V-{0}) <= 1\n",
    "\n",
    "# For each customer node, exactly one outgoing edge for each route k\n",
    "for i in Vn:\n",
    "    model += xsum(x[k][i][j] for k in K for j in V - {i}) == 1\n",
    "\n",
    "# For each customer node, exactly one incoming edge for each route k\n",
    "for j in Vn:\n",
    "    model += xsum(x[k][i][j] for k in K for i in V - {j}) == 1\n",
    "\n",
    "# Maximum initial battery or fuel for vehicles leaving the depot\n",
    "for k in Kc:\n",
    "    model += u1[k][0] == Qc\n",
    "for k in Ke:\n",
    "    model += u1[k][0] == Qe\n",
    "\n",
    "# Prohibition on visiting other charging stations for conventional vehicles\n",
    "for k in Kc:\n",
    "    for i in Ve:\n",
    "        for j in V:\n",
    "            model += x[k][i][j] == 0\n",
    "            model += x[k][j][i] == 0\n",
    "\n",
    "# Prohibition on visiting other fuel stations for electric vehicles\n",
    "for k in Ke:\n",
    "    for i in Vc:\n",
    "        for j in V:\n",
    "            model += x[k][i][j] == 0\n",
    "            model += x[k][j][i] == 0\n",
    "\n",
    "# Maximum initial battery or fuel for vehicles leaving other charging and fuel stations\n",
    "for k in Kc:\n",
    "    for i in Vc:\n",
    "        model += u1[k][i] == Qc\n",
    "for k in Ke:\n",
    "    for i in Ve:\n",
    "        model += u1[k][i] == Qe\n",
    "\n",
    "# Ensure that the battery levels are within the valid range at each node and time point\n",
    "for i in V:\n",
    "    for k in Kc:\n",
    "        model += u1[k][i] >= 0\n",
    "        model += u1[k][i] <= Qc\n",
    "        model += u2[k][i] >= 0\n",
    "        model += u2[k][i] <= Qc\n",
    "    for k in Ke:\n",
    "        model += u1[k][i] >= 0\n",
    "        model += u1[k][i] <= Qe\n",
    "        model += u2[k][i] >= 0\n",
    "        model += u2[k][i] <= Qe\n",
    "\n",
    "# Ensure that the number of incoming and outgoing vehicles at each node is equal for each route k\n",
    "for k in K:\n",
    "    for i in V:\n",
    "        model += xsum(x[k][i][j] for j in V - {i}) == xsum(x[k][j][i] for j in V - {i})\n",
    "\n",
    "# Sub-tour elimination constraints\n",
    "for k in K:\n",
    "    for (i,j) in product(V-{0}, V-{0}):\n",
    "        if i != j:\n",
    "            model += y[k][i] - (n+1)*x[k][i][j] >= y[k][j] - n\n",
    "\n",
    "# Battery and fuel consumption\n",
    "for (i, j) in product(V, V):\n",
    "    if i != j:\n",
    "        for k in Kc:\n",
    "            model += u1[k][i] - rc*c[i][j]*x[k][i][j] + Qc*(1 - x[k][i][j]) >= u2[k][j]\n",
    "        for k in Ke:\n",
    "            model += u1[k][i] - re*c[i][j]*x[k][i][j] + Qe*(1 - x[k][i][j]) >= u2[k][j]\n",
    "\n",
    "# Ensure that the initial and final battery levels are equal for each customer node (excluding depot and stations)\n",
    "for k in K:\n",
    "    for i in Vn:\n",
    "        model += u1[k][i] == u2[k][i]\n"
   ]
  },
  {
   "cell_type": "code",
   "execution_count": 21,
   "metadata": {},
   "outputs": [
    {
     "name": "stdout",
     "output_type": "stream",
     "text": [
      "Welcome to the CBC MILP Solver \n",
      "Version: Trunk\n",
      "Build Date: Oct 24 2021 \n",
      "\n",
      "Starting solution of the Linear programming relaxation problem using Primal Simplex\n",
      "\n",
      "Coin0506I Presolve 1012 (-676) rows, 520 (-312) columns and 4072 (-1988) elements\n",
      "Clp1000I sum of infeasibilities 2.102e-05 - average 2.07707e-08, 338 fixed columns\n",
      "Coin0506I Presolve 686 (-326) rows, 180 (-340) columns and 1791 (-2281) elements\n",
      "Clp0029I End of values pass after 180 iterations\n",
      "Clp0014I Perturbing problem by 0.001% of 5.900261 - largest nonzero change 4.6883825e-05 ( 0.0012452293%) - largest zero change 2.8835962e-05\n",
      "Clp0000I Optimal - objective value 36.133344\n",
      "Clp0000I Optimal - objective value 36.133344\n",
      "Coin0511I After Postsolve, objective 36.133344, infeasibilities - dual 0 (0), primal 0 (0)\n",
      "Clp0014I Perturbing problem by 0.001% of 4.1456857 - largest nonzero change 2.6642225e-05 ( 0.00073052058%) - largest zero change 2.8835962e-05\n",
      "Clp0000I Optimal - objective value 36.133344\n",
      "Clp0000I Optimal - objective value 36.133344\n",
      "Clp0000I Optimal - objective value 36.133344\n",
      "Coin0511I After Postsolve, objective 36.133344, infeasibilities - dual 0 (0), primal 0 (0)\n",
      "Clp0032I Optimal objective 36.1333436 - 0 iterations time 0.062, Presolve 0.00, Idiot 0.05\n",
      "\n",
      "Starting MIP optimization\n",
      "Cgl0002I 192 variables fixed\n",
      "Cgl0003I 0 fixed, 0 tightened bounds, 404 strengthened rows, 0 substitutions\n",
      "Cgl0003I 0 fixed, 0 tightened bounds, 404 strengthened rows, 0 substitutions\n",
      "Cgl0003I 0 fixed, 0 tightened bounds, 404 strengthened rows, 0 substitutions\n",
      "Cgl0003I 0 fixed, 0 tightened bounds, 404 strengthened rows, 0 substitutions\n",
      "Cgl0003I 0 fixed, 0 tightened bounds, 404 strengthened rows, 0 substitutions\n",
      "Cgl0003I 0 fixed, 0 tightened bounds, 404 strengthened rows, 0 substitutions\n",
      "Cgl0003I 0 fixed, 0 tightened bounds, 404 strengthened rows, 0 substitutions\n",
      "Cgl0003I 0 fixed, 0 tightened bounds, 391 strengthened rows, 0 substitutions\n",
      "Cgl0003I 0 fixed, 0 tightened bounds, 350 strengthened rows, 0 substitutions\n",
      "Cgl0004I processed model has 1000 rows, 508 columns (428 integer (428 of which binary)) and 7543 elements\n",
      "Coin3009W Conflict graph built in 0.001 seconds, density: 2.333%\n",
      "Cgl0015I Clique Strengthening extended 0 cliques, 0 were dominated\n",
      "Cbc0045I Nauty: 7348 orbits (4 useful covering 8 variables), 4 generators, group size: 16 - sparse size 43004 - took 0.051638 seconds\n",
      "Cbc0038I Initial state - 20 integers unsatisfied sum - 2.6974\n",
      "Cbc0038I Pass   1: suminf.    2.55454 (29) obj. 43.6634 iterations 213\n",
      "Cbc0038I Pass   2: suminf.    3.58980 (29) obj. 68.4065 iterations 267\n",
      "Cbc0038I Pass   3: suminf.    2.94739 (28) obj. 67.3069 iterations 89\n",
      "Cbc0038I Pass   4: suminf.    5.66713 (19) obj. 62.7333 iterations 157\n",
      "Cbc0038I Pass   5: suminf.    3.02274 (20) obj. 52.5026 iterations 169\n",
      "Cbc0038I Pass   6: suminf.    4.76432 (22) obj. 60.0412 iterations 162\n",
      "Cbc0038I Pass   7: suminf.    4.36276 (20) obj. 63.6314 iterations 97\n",
      "Cbc0038I Pass   8: suminf.    4.06391 (22) obj. 65.8025 iterations 40\n",
      "Cbc0038I Pass   9: suminf.    5.48079 (18) obj. 79.4117 iterations 101\n",
      "Cbc0038I Pass  10: suminf.    4.22519 (18) obj. 71.2926 iterations 91\n",
      "Cbc0038I Pass  11: suminf.    4.53756 (21) obj. 63.8703 iterations 123\n",
      "Cbc0038I Pass  12: suminf.    3.79432 (26) obj. 65.3202 iterations 89\n",
      "Cbc0038I Pass  13: suminf.    6.49701 (24) obj. 70.7105 iterations 147\n",
      "Cbc0038I Pass  14: suminf.    4.62532 (28) obj. 64.7872 iterations 126\n",
      "Cbc0038I Pass  15: suminf.    3.87620 (20) obj. 57.5357 iterations 40\n",
      "Cbc0038I Pass  16: suminf.    4.80056 (16) obj. 64.7322 iterations 146\n",
      "Cbc0038I Pass  17: suminf.    4.04660 (19) obj. 64.5944 iterations 128\n",
      "Cbc0038I Pass  18: suminf.    4.99482 (17) obj. 64.736 iterations 101\n",
      "Cbc0038I Pass  19: suminf.    4.50836 (16) obj. 65.549 iterations 97\n",
      "Cbc0038I Pass  20: suminf.    4.19727 (23) obj. 65.3397 iterations 48\n",
      "Cbc0038I Pass  21: suminf.    5.23132 (18) obj. 70.5243 iterations 150\n",
      "Cbc0038I Pass  22: suminf.    4.30532 (24) obj. 73.4551 iterations 120\n",
      "Cbc0038I Pass  23: suminf.    4.51997 (17) obj. 76.63 iterations 122\n",
      "Cbc0038I Pass  24: suminf.    4.10024 (19) obj. 75.8582 iterations 21\n",
      "Cbc0038I Pass  25: suminf.    4.85595 (17) obj. 63.3286 iterations 87\n",
      "Cbc0038I Pass  26: suminf.    3.94551 (21) obj. 60.9473 iterations 105\n",
      "Cbc0038I Pass  27: suminf.    4.76151 (15) obj. 56.263 iterations 142\n",
      "Cbc0038I Pass  28: suminf.    3.52549 (25) obj. 55.2822 iterations 122\n",
      "Cbc0038I Pass  29: suminf.    3.15351 (29) obj. 54.6025 iterations 73\n",
      "Cbc0038I Pass  30: suminf.    6.64548 (24) obj. 71.888 iterations 252\n",
      "Cbc0038I No solution found this major pass\n",
      "Cbc0038I Before mini branch and bound, 278 integers at bound fixed and 31 continuous\n",
      "Cbc0038I Full problem 1000 rows 508 columns, reduced to 399 rows 139 columns\n",
      "Cbc0038I Mini branch and bound did not improve solution (0.82 seconds)\n",
      "Cbc0038I Full problem 1001 rows 508 columns, reduced to 1001 rows 508 columns - too large\n",
      "Cbc0038I After 0.86 seconds - Feasibility pump exiting - took 0.20 seconds\n",
      "Cbc0031I 49 added rows had average density of 62.489796\n",
      "Cbc0013I At root node, 49 cuts changed objective from 36.133344 to 46.41635 in 11 passes\n",
      "Cbc0014I Cut generator 0 (Probing) - 11 row cuts average 12.0 elements, 0 column cuts (0 active)  in 0.072 seconds - new frequency is -100\n",
      "Cbc0014I Cut generator 1 (Gomory) - 141 row cuts average 223.4 elements, 0 column cuts (0 active)  in 0.013 seconds - new frequency is 1\n",
      "Cbc0014I Cut generator 2 (Knapsack) - 1 row cuts average 2.0 elements, 0 column cuts (0 active)  in 0.013 seconds - new frequency is -100\n",
      "Cbc0014I Cut generator 3 (Clique) - 0 row cuts average 0.0 elements, 0 column cuts (0 active)  in 0.001 seconds - new frequency is -100\n",
      "Cbc0014I Cut generator 4 (OddWheel) - 0 row cuts average 0.0 elements, 0 column cuts (0 active)  in 0.001 seconds - new frequency is -100\n",
      "Cbc0014I Cut generator 5 (MixedIntegerRounding2) - 168 row cuts average 9.0 elements, 0 column cuts (0 active)  in 0.014 seconds - new frequency is 1\n",
      "Cbc0014I Cut generator 6 (FlowCover) - 1 row cuts average 2.0 elements, 0 column cuts (0 active)  in 0.010 seconds - new frequency is -100\n",
      "Cbc0014I Cut generator 7 (TwoMirCuts) - 273 row cuts average 130.9 elements, 0 column cuts (0 active)  in 0.025 seconds - new frequency is 1\n",
      "Cbc0010I After 0 nodes, 1 on tree, 1e+50 best solution, best possible 46.41635 (1.60 seconds)\n",
      "Cbc0010I After 4 nodes, 5 on tree, 1e+50 best solution, best possible 46.41635 (2.31 seconds)\n",
      "Cbc0004I Integer solution of 87.484657 found after 2441 iterations and 50 nodes (2.83 seconds)\n",
      "Cbc0038I Full problem 1000 rows 508 columns, reduced to 655 rows 82 columns - 5 fixed gives 538, 52 - ok now\n",
      "Cbc0038I Full problem 1000 rows 508 columns, reduced to 535 rows 51 columns\n",
      "Cbc0010I After 67 nodes, 17 on tree, 87.484657 best solution, best possible 46.41635 (3.02 seconds)\n",
      "Cbc0038I Full problem 1000 rows 508 columns, reduced to 599 rows 66 columns - 3 fixed gives 552, 57 - ok now\n",
      "Cbc0010I After 143 nodes, 31 on tree, 87.484657 best solution, best possible 46.41635 (3.72 seconds)\n",
      "Cbc0004I Integer solution of 72.278813 found after 7640 iterations and 165 nodes (3.86 seconds)\n",
      "Cbc0010I After 287 nodes, 18 on tree, 72.278813 best solution, best possible 46.41635 (4.42 seconds)\n",
      "Cbc0038I Full problem 1000 rows 508 columns, reduced to 651 rows 82 columns - 2 fixed gives 623, 73 - still too large\n",
      "Cbc0010I After 409 nodes, 9 on tree, 72.278813 best solution, best possible 46.41635 (5.13 seconds)\n",
      "Cbc0038I Full problem 1000 rows 508 columns, reduced to 643 rows 85 columns - 3 fixed gives 533, 50 - ok now\n",
      "Cbc0010I After 515 nodes, 5 on tree, 72.278813 best solution, best possible 46.41635 (5.84 seconds)\n",
      "Cbc0010I After 555 nodes, 23 on tree, 72.278813 best solution, best possible 46.41635 (6.55 seconds)\n",
      "Cbc0004I Integer solution of 63.738021 found after 33295 iterations and 590 nodes (6.83 seconds)\n",
      "Cbc0010I After 668 nodes, 42 on tree, 63.738021 best solution, best possible 46.41635 (7.26 seconds)\n",
      "Cbc0038I Full problem 1000 rows 508 columns, reduced to 611 rows 72 columns - 2 fixed gives 531, 50 - ok now\n",
      "Cbc0010I After 809 nodes, 48 on tree, 63.738021 best solution, best possible 46.41635 (7.97 seconds)\n",
      "Cbc0038I Full problem 1000 rows 508 columns, reduced to 609 rows 67 columns - 2 fixed gives 531, 50 - ok now\n",
      "Cbc0010I After 934 nodes, 54 on tree, 63.738021 best solution, best possible 46.41635 (8.67 seconds)\n",
      "Cbc0038I Full problem 1000 rows 508 columns, reduced to 607 rows 69 columns - 2 fixed gives 531, 50 - ok now\n",
      "Cbc0010I After 1064 nodes, 65 on tree, 63.738021 best solution, best possible 46.41635 (9.37 seconds)\n",
      "Cbc0038I Full problem 1000 rows 508 columns, reduced to 734 rows 96 columns - 1 fixed gives 665, 78 - still too large\n",
      "Cbc0038I Full problem 1000 rows 508 columns, reduced to 662 rows 77 columns - too large\n",
      "Cbc0010I After 1237 nodes, 40 on tree, 63.738021 best solution, best possible 46.41635 (10.08 seconds)\n",
      "Cbc0004I Integer solution of 63.00253 found after 62311 iterations and 1296 nodes (10.33 seconds)\n",
      "Cbc0038I Full problem 1000 rows 508 columns, reduced to 580 rows 63 columns\n",
      "Cbc0004I Integer solution of 61.903307 found after 63189 iterations and 1319 nodes (10.43 seconds)\n",
      "Cbc0038I Full problem 1000 rows 508 columns, reduced to 603 rows 66 columns - 1 fixed gives 531, 50 - ok now\n",
      "Cbc0010I After 1401 nodes, 27 on tree, 61.903307 best solution, best possible 46.41635 (10.78 seconds)\n",
      "Cbc0010I After 1536 nodes, 26 on tree, 61.903307 best solution, best possible 46.41635 (11.48 seconds)\n",
      "Cbc0010I After 1681 nodes, 24 on tree, 61.903307 best solution, best possible 46.41635 (12.19 seconds)\n",
      "Cbc0038I Full problem 1000 rows 508 columns, reduced to 617 rows 70 columns - 1 fixed gives 531, 50 - ok now\n",
      "Cbc0010I After 1862 nodes, 23 on tree, 61.903307 best solution, best possible 46.41635 (12.89 seconds)\n",
      "Cbc0010I After 1976 nodes, 6 on tree, 61.903307 best solution, best possible 46.41635 (13.60 seconds)\n",
      "Cbc0010I After 2011 nodes, 21 on tree, 61.903307 best solution, best possible 46.41635 (14.30 seconds)\n",
      "Cbc0010I After 2059 nodes, 34 on tree, 61.903307 best solution, best possible 46.41635 (15.00 seconds)\n",
      "Cbc0004I Integer solution of 58.008813 found after 103716 iterations and 2100 nodes (15.46 seconds)\n",
      "Cbc0010I After 2145 nodes, 56 on tree, 58.008813 best solution, best possible 46.41635 (15.71 seconds)\n",
      "Cbc0004I Integer solution of 51.603784 found after 107441 iterations and 2172 nodes (15.91 seconds)\n",
      "Cbc0010I After 2201 nodes, 36 on tree, 51.603784 best solution, best possible 46.41635 (16.41 seconds)\n",
      "Cbc0010I After 2259 nodes, 50 on tree, 51.603784 best solution, best possible 46.41635 (17.12 seconds)\n",
      "Cbc0010I After 2393 nodes, 53 on tree, 51.603784 best solution, best possible 46.41635 (17.82 seconds)\n",
      "Cbc0010I After 2476 nodes, 55 on tree, 51.603784 best solution, best possible 46.41635 (18.54 seconds)\n",
      "Cbc0010I After 2557 nodes, 57 on tree, 51.603784 best solution, best possible 46.41635 (19.25 seconds)\n",
      "Cbc0010I After 2654 nodes, 54 on tree, 51.603784 best solution, best possible 46.41635 (19.95 seconds)\n",
      "Cbc0010I After 2766 nodes, 45 on tree, 51.603784 best solution, best possible 46.41635 (20.65 seconds)\n",
      "Cbc0010I After 2879 nodes, 37 on tree, 51.603784 best solution, best possible 46.41635 (21.36 seconds)\n",
      "Cbc0038I Full problem 1000 rows 508 columns, reduced to 752 rows 80 columns - 1 fixed gives 531, 50 - ok now\n",
      "Cbc0010I After 3007 nodes, 23 on tree, 51.603784 best solution, best possible 46.41635 (22.08 seconds)\n",
      "Cbc0010I After 3128 nodes, 6 on tree, 51.603784 best solution, best possible 46.41635 (22.79 seconds)\n",
      "Cbc0010I After 3178 nodes, 6 on tree, 51.603784 best solution, best possible 46.41635 (23.49 seconds)\n",
      "Cbc0010I After 3240 nodes, 10 on tree, 51.603784 best solution, best possible 46.41635 (24.19 seconds)\n",
      "Cbc0001I Search completed - best objective 51.60378386994056, took 185002 iterations and 3275 nodes (24.69 seconds)\n",
      "Cbc0032I Strong branching done 8532 times (193917 iterations), fathomed 230 nodes and fixed 365 variables\n",
      "Cbc0035I Maximum depth 44, 26291 variables fixed on reduced cost\n",
      "Total time (CPU seconds):       21.24   (Wallclock seconds):       24.77\n",
      "\n"
     ]
    },
    {
     "data": {
      "text/plain": [
       "<OptimizationStatus.OPTIMAL: 0>"
      ]
     },
     "execution_count": 21,
     "metadata": {},
     "output_type": "execute_result"
    }
   ],
   "source": [
    "# =====================       모델 풀이       =====================\n",
    "model.optimize()"
   ]
  },
  {
   "cell_type": "code",
   "execution_count": 35,
   "metadata": {},
   "outputs": [
    {
     "name": "stdout",
     "output_type": "stream",
     "text": [
      "******* Route with total distance 51.6038 *******\n",
      " 0\t0.0\t0.0\n",
      " 1\t-7.2\t0.3\n",
      " 2\t-3.1\t-5.8\n",
      " 3\t4.3\t-1.4\n",
      " 4\t-1.3\t5.2\n",
      " 5\t-4.6\t2.9\n",
      " 6\t-0.3\t4.7\n",
      " 7\t3.0\t8.9\n",
      " 8\t3.2\t-9.4\n",
      " 9\t0.0\t5.5\n",
      "10\t-0.0\t-5.5\n",
      "11\t3.5\t0.0\n",
      "12\t-3.5\t0.0\n",
      "\n",
      "\n",
      "0.0\t7.2\t6.6\t4.5\t5.4\t5.4\t4.7\t9.4\t9.9\t5.5\t5.5\t3.5\t3.5\t\n",
      "7.2\t0.0\t7.3\t11.6\t7.7\t3.6\t8.1\t13.3\t14.2\t8.9\t9.2\t10.7\t3.7\t\n",
      "6.6\t7.3\t0.0\t8.6\t11.2\t8.8\t10.8\t15.9\t7.2\t11.7\t3.2\t8.8\t5.8\t\n",
      "4.5\t11.6\t8.6\t0.0\t8.6\t9.8\t7.6\t10.3\t8.0\t8.1\t5.9\t1.6\t7.9\t\n",
      "5.4\t7.7\t11.2\t8.6\t0.0\t4.1\t1.1\t5.7\t15.2\t1.3\t10.8\t7.1\t5.7\t\n",
      "5.4\t3.6\t8.8\t9.8\t4.1\t0.0\t4.6\t9.7\t14.5\t5.3\t9.6\t8.6\t3.1\t\n",
      "4.7\t8.1\t10.8\t7.6\t1.1\t4.6\t0.0\t5.4\t14.4\t0.9\t10.2\t6.0\t5.6\t\n",
      "9.4\t13.3\t15.9\t10.3\t5.7\t9.7\t5.4\t0.0\t18.2\t4.5\t14.7\t8.9\t11.0\t\n",
      "9.9\t14.2\t7.2\t8.0\t15.2\t14.5\t14.4\t18.2\t0.0\t15.2\t5.0\t9.4\t11.5\t\n",
      "5.5\t8.9\t11.7\t8.1\t1.3\t5.3\t0.9\t4.5\t15.2\t0.0\t11.0\t6.5\t6.5\t\n",
      "5.5\t9.2\t3.2\t5.9\t10.8\t9.6\t10.2\t14.7\t5.0\t11.0\t0.0\t6.5\t6.5\t\n",
      "3.5\t10.7\t8.8\t1.6\t7.1\t8.6\t6.0\t8.9\t9.4\t6.5\t6.5\t0.0\t7.0\t\n",
      "3.5\t3.7\t5.8\t7.9\t5.7\t3.1\t5.6\t11.0\t11.5\t6.5\t6.5\t7.0\t0.0\t\n",
      "\n",
      "20.0\t\t20.0\t\t15.0\t\t15.0\t\t\n",
      "11.0\t\t-1.0\t\t-1.0\t\t-1.0\t\t\n",
      "3.7\t\t-1.0\t\t-1.0\t\t-1.0\t\t\n",
      "7.0\t\t-1.0\t\t-1.0\t\t-1.0\t\t\n",
      "18.7\t\t-1.0\t\t-1.0\t\t-1.0\t\t\n",
      "14.6\t\t-1.0\t\t-1.0\t\t-1.0\t\t\n",
      "15.3\t\t-1.0\t\t-1.0\t\t-1.0\t\t\n",
      "9.9\t\t-1.0\t\t-1.0\t\t-1.0\t\t\n",
      "15.0\t\t-1.0\t\t-1.0\t\t-1.0\t\t\n",
      "20.0\t\t20.0\t\t20.0\t\t20.0\t\t\n",
      "20.0\t\t20.0\t\t20.0\t\t20.0\t\t\n",
      "15.0\t\t15.0\t\t15.0\t\t15.0\t\t\n",
      "15.0\t\t15.0\t\t15.0\t\t15.0\t\t"
     ]
    },
    {
     "data": {
